226.24
227.08
226.24
227.08
224.874
227.159
224.874
227.159
224.874
227.159
224.874
227.159
224.874
227.159
215.667
226.065
214.259
226.091
214.259
226.091
211.455
226.335
210.055
226.479
210.055
226.479
208.828
228.046
208.828
228.046
208.828
228.046
208.828
228.046
208.828
228.046
212.413
233.813
213.462
234.752
213.462
234.752
213.764
236.911
213.054
238.127
213.054
238.127
211.808
240.65
211.208
241.924
211.208
241.924
211.208
241.924
211.208
241.924
211.208
241.924
211.208
241.924
213.36
249.604
213.36
249.604
213.36
249.604
213.36
249.604
213.36
249.604
211.869
254.416
210.461
254.439
210.461
254.439
207.645
254.454
206.237
254.456
204.829
254.458
204.829
254.458
202.013
254.463
200.605
254.465
199.197
254.467
197.789
254.469
197.789
254.469
194.973
254.47
194.973
254.47
196.443
254.47
196.443
254.47
199.259
254.477
200.667
254.475
202.075
254.473
203.483
254.471
203.483
254.471
206.299
254.466
207.707
254.464
209.115
254.461
209.115
254.461
211.93
254.485
213.338
254.462
213.338
254.462
216.154
254.511
217.562
254.486
218.969
254.46
220.377
254.434
221.785
254.408
223.193
254.382
223.193
254.382
226.002
254.503
227.407
254.405
228.811
254.307
228.811
254.307
231.622
253.808
233.028
253.885
234.434
253.963
235.839
254.04
235.839
254.04
235.839
254.04
235.839
254.04
235.839
254.04
235.839
254.04
233.3
254.24
231.894
254.163
230.488
254.086
230.488
254.086
230.368
256.252
230.462
257.657
230.556
259.062
230.65
260.467
230.65
260.467
231.688
263.084
231.688
263.084
232.852
265.647
233.456
266.919
234.061
268.19
234.061
268.19
235.34
270.698
