261.67
160.54
261.67
160.54
260.262
160.568
258.854
160.566
258.854
160.566
238.053
163.324
238.11
164.731
238.166
166.137
238.166
166.137
238.166
166.137
238.166
166.137
238.166
166.137
238.166
166.137
238.166
166.137
238.166
166.137
231.742
167.491
231.742
167.491
231.742
167.491
231.742
167.491
231.742
167.491
231.742
167.491
231.742
167.491
231.742
167.491
231.742
167.491
231.742
167.491
231.742
167.491
238.1
171.458
238.043
170.051
237.987
168.644
237.987
168.644
239.591
160.512
240.999
160.514
242.407
160.516
243.815
160.517
245.223
160.519
246.631
160.521
248.039
160.523
249.447
160.525
250.855
160.526
252.263
160.528
253.671
160.53
255.079
160.532
256.487
160.533
257.895
160.535
259.303
160.537
260.711
160.539
260.711
160.539
259.813
160.568
258.405
160.566
256.997
160.564
255.589
160.562
254.181
160.561
252.773
160.559
251.365
160.557
249.957
160.555
248.549
160.553
247.141
160.552
245.733
160.55
244.325
160.548
242.917
160.546
241.509
160.545
240.101
160.543
238.693
160.541
238.693
160.541
240.003
160.513
241.411
160.514
242.819
160.516
244.227
160.518
245.635
160.52
247.043
160.522
248.451
160.523
249.859
160.525
251.267
160.527
252.675
160.529
254.083
160.53
255.491
160.532
256.899
160.534
258.307
160.536
259.715
160.538
261.123
160.539
261.123
160.539
259.401
160.567
257.993
160.565
256.585
160.564
255.177
160.562
253.769
160.56
252.361
160.558
250.953
160.556
249.545
160.555
248.137
160.553
246.729
160.551
245.321
160.549
243.913
160.548
242.505
160.546
241.097
160.544
239.689
160.542
238.281
160.54
238.281
160.54
238.039
162.983
238.096
164.39
