115.62
133.21
115.62
133.21
114.508
134.536
113.396
133.673
113.396
133.673
114.428
132.284
115.54
133.148
115.54
133.148
113.476
133.735
113.476
133.735
111.181
132.114
110.019
131.32
110.019
131.32
107.612
133.309
106.399
132.594
105.186
131.879
103.974
131.164
102.761
130.448
101.548
129.733
100.335
129.018
100.335
129.018
102.09
124.403
103.303
125.118
104.516
125.833
105.729
126.549
106.941
127.264
108.154
127.979
109.367
128.694
109.367
128.694
111.701
130.269
111.701
130.269
111.574
132.382
110.411
131.588
110.411
131.588
108.022
133.551
106.809
132.836
105.596
132.12
104.383
131.405
103.171
130.69
101.958
129.975
100.745
129.259
100.745
129.259
101.681
124.161
102.893
124.876
104.106
125.592
105.319
126.307
106.532
127.022
107.745
127.737
108.957
128.453
108.957
128.453
107.777
133.407
106.564
132.691
105.352
131.976
104.139
131.261
102.926
130.546
101.713
129.83
100.5
129.115
100.5
129.115
101.925
124.305
103.138
125.021
104.351
125.736
105.564
126.451
106.776
127.167
107.989
127.882
109.202
128.597
109.202
128.597
107.532
133.262
106.32
132.547
105.107
131.832
103.894
131.117
102.681
130.401
101.469
129.686
100.256
128.971
100.256
128.971
102.17
124.45
103.383
125.165
104.595
125.88
105.808
126.596
107.021
127.311
108.234
128.026
109.447
128.741
109.447
128.741
111.777
130.321
111.777
130.321
114.046
131.987
115.158
132.851
115.158
132.851
115.705
135.439
115.758
136.846
115.758
136.846
115.778
139.662
115.787
141.07
115.796
142.478
115.805
143.886
115.813
145.294
115.822
146.702
115.831
148.11
115.84
149.518
115.849
150.926
115.858
152.334
