136.14
194.54
136.14
194.54
136.427
195.918
136.427
195.918
136.566
201.383
136.278
200.005
136.278
200.005
135.943
195.442
135.943
195.442
135.943
195.442
135.943
195.442
135.943
195.442
139.806
188.05
141.214
188.057
141.214
188.057
141.214
188.057
142.914
190.618
142.914
190.618
142.889
191.746
142.889
191.746
142.889
191.746
139.322
188.068
137.914
188.062
137.914
188.062
137.914
188.062
137.914
188.062
137.914
188.062
136.117
194.296
136.117
194.296
136.664
197.057
136.951
198.435
136.951
198.435
136.754
202.288
136.467
200.91
136.18
199.531
136.18
199.531
135.899
194.961
135.899
194.961
133.467
191.551
132.059
191.576
130.651
191.6
129.243
191.624
129.243
191.624
129.124
194.103
129.246
195.506
129.367
196.909
129.367
196.909
129.15
199.836
129.029
198.433
129.029
198.433
129.034
193.063
129.155
194.465
129.277
195.868
129.277
195.868
129.24
200.876
129.119
199.474
128.997
198.071
128.997
198.071
127.109
191.66
125.701
191.684
124.293
191.707
124.293
191.707
124.293
191.707
124.293
191.707
124.293
191.707
124.293
191.707
118.897
190.971
118.897
190.971
118.897
190.971
118.897
190.971
118.897
190.971
118.897
190.971
118.897
190.971
118.897
190.971
118.897
190.971
118.897
190.971
118.897
190.971
118.897
190.971
118.897
190.971
121.932
191.293
121.932
191.293
121.932
191.293
122.217
191.402
122.217
191.402
122.217
191.402
122.217
191.402
122.217
191.402
122.217
191.402
120.511
191.45
120.511
191.45
120.511
191.45
120.511
191.45
119.099
191.112
119.099
191.112
119.099
191.112
118.013
188.917
118.013
188.917
120.269
190.597
120.269
190.597
120.269
190.597
