196.28
227.59
196.28
227.59
194.872
227.629
193.464
227.617
193.464
227.617
190.052
233.544
190.033
232.136
190.013
230.729
190.013
230.729
189.937
223.504
189.92
222.096
189.903
220.688
189.887
219.28
189.887
219.28
189.855
211.525
189.855
211.525
189.817
208.929
189.817
208.929
189.776
206.033
189.776
206.033
189.741
208.447
189.723
207.04
189.706
205.632
189.688
204.224
189.67
202.816
189.67
202.816
189.67
202.816
187.712
192.577
187.712
192.577
187.406
192.841
187.406
192.841
187.406
192.841
187.406
192.841
187.394
191.508
187.394
191.508
189.56
192.506
189.56
192.506
192.365
192.55
192.365
192.55
192.365
192.55
192.365
192.55
194.87
191.764
194.87
191.764
194.87
191.764
190.71
192.426
190.71
192.426
189.621
203.568
189.606
202.16
189.59
200.752
189.575
199.344
189.559
197.936
189.544
196.529
189.528
195.121
189.513
193.713
189.513
193.713
189.513
193.713
189.513
193.713
189.513
193.713
187.229
178.638
187.229
178.638
187.229
178.638
187.229
178.638
187.229
178.638
187.229
178.638
189.537
183.088
189.552
184.496
189.568
185.904
189.583
187.311
189.598
188.719
189.614
190.127
189.629
191.535
189.629
191.535
191.464
192.629
191.464
192.629
194.233
192.356
194.233
192.356
194.233
192.356
194.233
192.356
196.395
191.78
196.395
191.78
196.395
191.78
196.395
191.78
196.395
191.78
196.395
191.78
196.395
191.78
196.395
191.78
196.395
191.78
196.395
191.78
196.395
191.78
196.395
191.78
190.837
192.414
190.837
192.414
188.051
192.637
188.051
192.637
187.403
193.185
187.403
193.185
187.403
193.185
187.403
193.185
187.403
193.185
184.203
187.991
