168.14
273.29
168.14
273.29
168.107
274.698
168.075
276.105
168.042
277.513
168.009
278.92
167.977
280.328
167.944
281.736
167.944
281.736
167.865
299.755
167.898
298.347
167.931
296.94
167.963
295.532
167.996
294.124
168.029
292.717
168.062
291.309
168.094
289.901
168.127
288.494
168.127
288.494
168.148
288.808
168.152
287.4
168.157
285.992
168.162
284.584
168.167
283.176
168.171
281.768
168.176
280.36
168.181
278.952
168.186
277.544
168.19
276.136
168.195
274.728
168.2
273.32
168.2
273.32
168.17
255.554
168.17
255.554
168.172
262.468
168.173
261.06
168.174
259.652
168.176
258.244
168.177
256.836
168.178
255.428
168.179
254.02
168.179
254.02
168.129
248.365
168.081
246.958
168.034
245.551
167.986
244.144
167.938
242.736
167.89
241.329
167.89
241.329
169.485
230.63
170.892
230.578
172.299
230.526
173.706
230.475
173.706
230.475
176.521
230.195
176.521
230.195
179.332
230.407
180.737
230.317
182.142
230.226
182.142
230.226
184.763
230.152
184.763
230.152
184.763
230.152
188.698
227.791
188.698
227.791
188.698
227.791
192.921
227.563
194.329
227.574
195.737
227.586
195.737
227.586
198.551
227.673
199.958
227.613
199.958
227.613
202.763
227.981
204.164
227.846
205.566
227.711
206.967
227.575
208.369
227.44
208.369
227.44
208.369
227.44
208.369
227.44
208.369
227.44
208.369
227.44
212.16
233.588
213.21
234.526
214.26
235.464
214.26
235.464
216.542
237.111
217.695
237.92
218.847
238.729
219.999
239.538
219.999
239.538
222.179
241.312
223.22
242.26
224.262
243.207
224.262
243.207
226.453
244.974
227.561
245.842
228.669
246.711
229.777
247.58
