131.83
120.48
131.83
120.48
130.628
120.827
130.628
120.827
130.628
120.827
130.562
120.786
130.562
120.786
130.562
120.786
130.497
120.746
130.497
120.746
130.497
120.746
130.497
120.746
134.836
120.771
136.241
120.851
136.241
120.851
139.055
120.948
140.463
120.946
141.871
120.944
143.279
120.941
144.687
120.939
146.095
120.937
147.503
120.935
148.911
120.933
150.319
120.931
150.319
120.931
148.625
120.913
147.217
120.916
145.809
120.918
144.401
120.92
142.993
120.922
141.585
120.924
140.177
120.926
138.769
120.928
138.769
120.928
135.956
121.155
134.55
121.074
133.144
120.993
133.144
120.993
133.747
120.708
135.153
120.789
136.558
120.87
136.558
120.87
139.373
120.947
140.781
120.945
142.189
120.943
143.597
120.941
145.005
120.939
146.413
120.937
147.821
120.935
149.229
120.932
150.637
120.93
150.637
120.93
148.307
120.914
146.899
120.916
145.491
120.918
144.083
120.92
142.675
120.922
141.267
120.924
139.859
120.927
138.451
120.929
138.451
120.929
139.585
120.947
140.993
120.945
142.401
120.943
143.809
120.941
145.217
120.939
146.625
120.936
148.033
120.934
149.441
120.932
150.849
120.93
150.849
120.93
148.095
120.914
146.687
120.916
145.279
120.918
143.871
120.921
142.463
120.923
141.055
120.925
139.647
120.927
138.239
120.929
138.239
120.929
139.797
120.947
141.205
120.945
142.613
120.942
144.021
120.94
145.429
120.938
146.837
120.936
148.245
120.934
149.653
120.932
149.653
120.932
149.291
120.912
147.883
120.915
146.475
120.917
145.067
120.919
143.66
120.921
142.252
120.923
140.844
120.925
139.436
120.927
138.028
120.929
138.028
120.929
135.215
121.112
