219.63
130.95
219.63
130.95
221.038
130.964
221.038
130.964
221.038
130.964
221.038
130.964
221.948
135.964
221.856
137.369
221.856
137.369
221.947
139.821
222.038
138.416
222.038
138.416
221.899
136.714
221.899
136.714
221.899
136.714
221.899
136.714
221.964
139.558
222.055
138.153
222.055
138.153
222.055
138.153
222.056
133.95
222.056
133.95
221.896
136.761
221.896
136.761
221.907
140.429
221.999
139.024
221.999
139.024
221.939
136.106
221.847
137.511
221.847
137.511
221.956
139.679
222.047
138.274
222.047
138.274
221.89
136.856
221.89
136.856
221.913
140.334
222.005
138.929
222.005
138.929
221.932
136.201
221.841
137.606
221.841
137.606
221.841
137.606
221.841
137.606
221.841
137.606
221.841
137.606
221.841
137.606
222.036
134.719
222.036
134.719
222.036
134.719
222.039
134.936
222.039
134.936
222.039
134.936
222.039
134.936
222.039
134.936
221.941
136.075
221.849
137.48
221.849
137.48
221.849
137.48
221.849
137.48
222.014
138.792
222.014
138.792
222.032
134.357
222.032
134.357
222.032
134.357
222.032
134.357
222.032
134.357
219.14
130.9
219.14
130.9
219.14
130.9
219.14
130.9
222.058
134.067
222.058
134.067
222.058
134.067
222.055
133.851
222.055
133.851
222.055
133.851
222.055
133.851
222.055
133.851
222.059
134.165
222.059
134.165
222.059
134.165
222.056
133.949
222.056
133.949
221.896
136.76
221.896
136.76
221.896
136.76
219.277
138.986
217.869
138.969
216.462
138.952
215.054
138.935
213.646
138.918
212.238
138.901
210.83
138.884
209.422
138.867
208.014
138.85
206.606
138.833
206.606
138.833
206.363
141.641
206.343
140.233
206.322
138.825
