206.4
138.65
206.4
138.65
206.38
142.842
206.36
141.434
206.34
140.026
206.34
140.026
206.341
134.489
206.361
135.897
206.381
137.305
206.381
137.305
206.379
142.779
206.359
141.371
206.339
139.964
206.339
139.964
206.339
139.964
206.339
139.964
206.354
135.412
206.374
136.82
206.394
138.228
206.394
138.228
206.366
141.857
206.346
140.449
206.326
139.041
206.326
139.041
206.355
135.475
206.375
136.883
206.395
138.291
206.395
138.291
206.395
138.291
206.432
141.216
206.432
141.216
206.432
141.216
206.437
141.284
206.437
141.284
208.72
138.678
210.128
138.695
211.536
138.712
212.944
138.729
214.352
138.747
215.76
138.764
217.168
138.781
218.576
138.798
219.984
138.815
219.984
138.815
219.984
138.815
221.942
139.895
222.033
138.49
222.033
138.49
221.904
136.64
221.812
138.045
221.812
138.045
221.812
138.045
217.989
138.971
216.581
138.954
215.173
138.936
213.765
138.919
212.358
138.902
210.95
138.885
209.542
138.868
208.134
138.851
206.726
138.834
206.726
138.834
208.89
138.68
210.298
138.697
211.706
138.714
213.114
138.731
214.521
138.749
215.929
138.766
217.337
138.783
218.745
138.8
220.153
138.817
220.153
138.817
220.153
138.817
221.953
139.726
222.044
138.321
222.044
138.321
222.044
138.321
222.054
133.782
222.054
133.782
222.054
133.782
222.051
133.566
222.051
133.566
222.031
134.318
222.031
134.318
222.031
134.318
222.031
134.318
222.031
134.318
215.773
130.897
214.366
130.853
212.958
130.81
211.551
130.766
211.551
130.766
208.736
130.567
208.736
130.567
209.638
130.626
209.638
130.626
208.308
130.582
208.308
130.582
208.308
130.582
208.308
130.582
