219.63
130.95
219.63
130.95
221.038
130.964
221.038
130.964
221.038
130.964
217.907
130.994
217.907
130.994
217.907
130.994
221.263
130.967
221.263
130.967
221.263
130.967
221.263
130.967
221.933
136.189
221.842
137.594
221.842
137.594
221.842
137.594
218.442
138.976
217.034
138.959
215.626
138.942
214.218
138.925
212.81
138.908
211.402
138.891
209.994
138.874
208.586
138.857
207.179
138.839
207.179
138.839
206.371
142.213
206.351
140.805
206.331
139.397
206.331
139.397
206.35
135.119
206.37
136.526
206.39
137.934
206.39
137.934
206.557
140.744
206.557
140.744
206.557
140.744
208.432
138.675
209.84
138.692
211.248
138.709
212.656
138.726
214.064
138.743
215.472
138.76
216.879
138.777
218.287
138.794
219.695
138.811
221.103
138.828
221.103
138.828
218.541
138.977
217.133
138.96
215.725
138.943
214.317
138.926
212.909
138.909
211.502
138.892
210.094
138.875
208.686
138.858
207.278
138.841
207.278
138.841
208.338
138.674
209.746
138.691
211.154
138.708
212.562
138.725
213.97
138.742
215.377
138.759
216.785
138.776
218.193
138.793
219.601
138.81
221.009
138.827
221.009
138.827
221.009
138.827
222.008
138.872
222.008
138.872
222.033
134.437
222.033
134.437
222.033
134.437
222.036
134.654
222.036
134.654
222.036
134.654
222.036
134.654
222.036
134.654
222.036
134.654
222.036
134.654
222.036
134.654
221.203
130.966
221.203
130.966
221.203
130.966
221.526
130.969
221.526
130.969
221.526
130.969
221.526
130.969
219.902
130.973
219.902
130.973
219.902
130.973
219.262
130.912
219.262
130.912
219.262
130.912
215.788
130.898
214.381
130.854
212.974
130.81
211.566
130.767
