25255 29 128 
25255 31 162 
25255 27 382 
25255 36 32 
25255 35 272 
25255 34 197 
25255 39 283 
25255 38 200 
25255 37 181 
25255 520 85 
25255 425 291 
25255 202 137 
25255 240 436 
25255 430 88 
25255 397 71 
25255 400 18 
25255 229 105 
25255 371 260 
25255 2 216 
25255 380 196 
25255 514 251 
25255 243 344 
25255 579 353 
25255 577 339 
25255 576 497 
25255 575 359 
25255 254 348 
25255 545 39 
25255 501 50 
25255 406 191 
25255 183 166 
25255 507 64 
25255 187 425 
25255 193 187 
25255 308 121 
25255 199 480 
25255 204 387 
25255 206 153 
25255 14 416 
25255 209 29 
25255 213 289 
25255 215 203 
25255 216 468 
25255 17 211 
25255 20 221 
25255 19 424 
25255 22 322 
25255 21 288 
25255 23 119 
25255 160 73 
25255 102 131 
25255 395 323 
25255 185 263 
25255 467 127 
25255 196 33 
25255 177 110 
25255 93 12 
25255 97 305 
25255 85 236 
25255 83 427 
25255 88 229 
25255 118 433 
25255 121 113 
25255 114 349 
25255 115 264 
25255 101 351 
25255 84 354 
25255 151 179 
25255 153 379 
25255 148 142 
25255 143 381 
25255 146 198 
25255 40 205 
25255 45 453 
25255 49 26 
25255 95 240 
25255 446 91 
25255 159 450 
25255 156 371 
25255 180 414 
25255 526 212 
25255 523 298 
25255 8 174 
25255 524 463 
25255 33 369 
25255 385 185 
25255 519 268 
25255 566 496 
25255 496 75 
25255 491 299 
25255 483 278 
25255 169 329 
25255 398 156 
25255 494 43 
25255 404 62 
25255 405 247 
25255 409 14 
25255 413 326 
25255 414 125 
25255 417 106 
25255 419 417 
25255 554 74 
25255 478 476 
25255 473 182 
25255 475 138 
25255 315 176 
25255 330 479 
25255 320 311 
25255 319 139 
25255 324 347 
25255 328 258 
25255 326 451 
25255 332 309 
25255 307 338 
25255 553 383 
25255 562 489 
25255 559 160 
25255 530 202 
25255 528 317 
25255 533 168 
25255 313 97 
25255 339 378 
25255 225 373 
25255 343 195 
25255 334 392 
25255 536 319 
25255 16 114 
25255 15 245 
25255 245 147 
25255 181 126 
25255 223 192 
25255 111 341 
25255 224 472 
25255 537 38 
25255 581 98 
25255 539 274 
25255 535 55 
25255 532 432 
25255 580 207 
25255 423 100 
25255 578 92 
25255 388 261 
25255 51 111 
25255 52 209 
25255 41 146 
25255 43 335 
25255 337 403 
25255 561 389 
25255 543 237 
25255 546 498 
25255 540 318 
25255 541 412 
25255 542 144 
25255 571 199 
25255 569 262 
25255 567 269 
25255 147 103 
25255 144 93 
25255 139 52 
25255 210 366 
25255 207 328 
25255 189 259 
25255 192 165 
25255 197 280 
25255 582 277 
25255 585 48 
25255 460 164 
25255 302 485 
25255 296 45 
25255 291 239 
25255 157 285 
25255 164 312 
25255 563 21 
25255 304 481 
25255 167 374 
25255 61 397 
25255 305 495 
25255 272 499 
25255 234 439 
25255 276 402 
25255 268 304 
25255 271 81 
25255 205 340 
25255 219 24 
25255 18 393 
25255 218 152 
25255 163 57 
25255 158 355 
25255 168 54 
25255 232 375 
25255 300 491 
25255 297 435 
25255 9 11 
25255 4 19 
25255 12 391 
25255 11 49 
25255 415 385 
25255 109 175 
25255 94 295 
25255 91 478 
25255 98 155 
25255 433 462 
25255 152 346 
25255 145 78 
25255 141 238 
25255 138 34 
25255 136 388 
25255 132 95 
25255 246 395 
25255 259 448 
25255 270 303 
25255 230 445 
25255 194 487 
25255 200 171 
25255 198 380 
25255 86 484 
25255 424 37 
25255 66 183 
25255 241 208 
25255 64 234 
25255 62 66 
25255 60 145 
25255 58 423 
25255 55 350 
25255 77 444 
25255 468 1 
25255 512 25 
25255 116 7 
25255 96 473 
25255 92 483 
25255 89 223 
25255 87 15 
25255 110 22 
25255 372 430 
25255 344 275 
25255 350 248 
25255 347 325 
25255 357 313 
25255 363 376 
25255 367 161 
25255 515 249 
25255 502 492 
25255 503 256 
25255 505 367 
25255 80 475 
25255 150 441 
25255 104 398 
25255 100 401 
25255 113 172 
25255 65 148 
25255 120 358 
25255 292 287 
25255 434 188 
25255 383 386 
25255 391 461 
25255 428 343 
25255 128 122 
25255 129 10 
25255 126 213 
25255 127 360 
25255 54 459 
25255 56 352 
25255 59 365 
25255 552 178 
25255 547 117 
25255 534 300 
25255 174 404 
25255 176 16 
25255 482 230 
25255 489 399 
25255 490 301 
25255 442 136 
25255 444 370 
25255 488 94 
25255 201 270 
25255 436 41 
25255 440 410 
25255 46 167 
25255 465 250 
25255 464 44 
25255 457 490 
25255 175 184 
25255 7 356 
25255 290 321 
25255 288 36 
25255 448 72 
25255 285 336 
25255 283 124 
25255 374 308 
25255 375 133 
25255 377 409 
25255 352 189 
25255 358 331 
25255 360 30 
25255 362 228 
25255 364 315 
25255 331 232 
25255 318 324 
25255 295 220 
25255 298 108 
25255 256 455 
25255 253 314 
25255 251 47 
25255 247 83 
25255 263 224 
25255 264 215 
25255 262 118 
25255 261 132 
25255 257 243 
25255 72 431 
25255 506 276 
25255 527 460 
25255 179 109 
25255 466 320 
25255 565 279 
25255 277 140 
25255 349 87 
25255 450 464 

