115.62
133.21
115.62
133.21
114.508
134.536
113.396
133.673
113.396
133.673
114.428
132.284
115.54
133.148
115.54
133.148
115.54
133.148
115.603
132.79
115.603
132.79
113.728
133.931
113.728
133.931
111.445
132.294
110.283
131.5
110.283
131.5
111.203
129.929
112.365
130.723
112.365
130.723
114.608
132.424
114.608
132.424
115.559
133.946
115.559
133.946
115.612
133.017
115.612
133.017
115.719
135.831
115.719
135.831
115.694
138.845
115.64
137.438
115.64
137.438
115.64
137.438
115.586
132.353
115.586
132.353
115.694
135.167
115.748
136.574
115.748
136.574
115.666
138.102
115.666
138.102
114.346
134.411
113.234
133.547
113.234
133.547
110.929
131.941
109.766
131.147
109.766
131.147
107.348
133.154
106.136
132.439
104.923
131.723
103.71
131.008
102.497
130.293
101.284
129.578
100.072
128.862
100.072
128.862
102.354
124.558
103.567
125.274
104.779
125.989
105.992
126.704
