261.67
160.54
261.67
160.54
260.262
160.568
258.854
160.566
257.446
160.565
256.038
160.563
254.63
160.561
253.222
160.559
251.814
160.558
250.406
160.556
248.998
160.554
247.59
160.552
246.182
160.55
244.774
160.549
243.366
160.547
241.958
160.545
240.55
160.543
239.142
160.542
239.142
160.542
239.554
160.512
240.962
160.514
242.37
160.516
243.778
160.517
245.186
160.519
246.594
160.521
248.002
160.523
249.41
160.525
250.818
160.526
252.226
160.528
253.634
160.53
255.042
160.532
256.45
160.533
257.858
160.535
259.266
160.537
260.674
160.539
260.674
160.539
259.85
160.568
258.442
160.566
257.034
160.564
255.626
160.562
254.218
160.561
252.81
160.559
251.402
160.557
249.994
160.555
248.586
160.553
247.178
160.552
245.77
160.55
244.362
160.548
242.954
160.546
241.546
160.545
240.138
160.543
238.73
160.541
238.73
160.541
235.915
160.558
234.507
160.591
233.099
160.625
