130.01
258.89
130.01
258.89
128.764
259.785
127.517
259.13
127.517
259.13
124.854
257.562
124.854
257.562
124.854
257.562
124.854
257.562
124.854
257.562
124.854
257.562
124.854
257.562
124.854
257.562
124.854
257.562
124.358
257.416
124.358
257.416
124.358
257.416
124.358
257.416
118.864
255.73
118.864
255.73
117.991
261.471
117.963
260.064
117.935
258.656
117.907
257.248
117.879
255.84
117.879
255.84
117.826
247.655
117.826
247.655
117.826
247.655
117.709
242.563
117.709
242.563
117.173
244.984
116.872
243.608
116.572
242.232
116.272
240.857
116.272
240.857
118.428
233.761
119.787
233.394
119.787
233.394
122.481
233.244
123.828
232.833
125.174
232.422
125.174
232.422
125.174
232.422
129.373
230.51
129.373
230.51
132.189
230.628
133.597
230.611
135.005
230.594
136.413
230.578
137.821
230.561
139.229
230.544
140.637
230.527
142.044
230.511
143.452
230.494
144.86
230.477
146.268
230.46
146.268
230.46
149.084
230.275
150.492
230.277
151.9
230.28
153.308
230.282
154.716
230.284
156.124
230.287
157.532
230.289
157.532
230.289
160.348
230.326
161.756
230.347
163.164
230.369
164.571
230.39
165.979
230.411
167.387
230.433
167.387
230.433
170.201
230.604
171.608
230.552
173.016
230.5
174.423
230.448
174.423
230.448
174.423
230.448
178.642
230.452
180.047
230.361
181.452
230.271
182.858
230.18
182.858
230.18
185.395
229.813
185.395
229.813
185.395
229.813
185.395
229.813
185.395
229.813
192.23
227.557
193.638
227.569
195.046
227.58
195.046
227.58
194.698
227.627
193.29
227.616
191.882
227.604
190.474
227.593
190.474
227.593
190.474
227.593
190.474
227.593
