219.63
130.95
219.63
130.95
221.038
130.964
221.038
130.964
221.038
130.964
217.907
130.994
217.907
130.994
215.095
130.876
213.687
130.832
212.28
130.789
210.873
130.745
210.873
130.745
212.702
130.582
214.109
130.626
215.517
130.669
216.924
130.713
216.924
130.713
215.221
130.88
213.814
130.836
212.407
130.793
210.999
130.749
210.999
130.749
208.185
130.586
208.185
130.586
210.189
130.607
210.189
130.607
213.004
130.591
214.411
130.635
215.819
130.679
217.226
130.722
217.226
130.722
217.226
130.722
221.439
130.969
221.439
130.969
221.439
130.969
221.439
130.969
222.031
134.332
222.031
134.332
222.031
134.332
221.936
136.147
221.844
137.553
221.844
137.553
221.959
139.637
222.05
138.232
222.05
138.232
221.887
136.898
221.887
136.898
221.916
140.292
222.007
138.887
222.007
138.887
221.93
136.243
221.838
137.648
221.838
137.648
221.965
139.542
222.056
138.137
222.056
138.137
