133.82
298.27
133.82
298.27
133.82
298.27
133.82
298.27
133.82
298.27
133.82
298.27
133.82
298.27
133.82
298.27
133.82
298.27
133.82
298.27
133.82
298.27
133.82
298.27
133.82
298.27
133.82
298.27
133.82
298.27
133.82
298.27
133.82
298.27
133.82
298.27
133.82
298.27
133.82
298.27
133.82
298.27
133.82
298.27
133.82
298.27
133.82
298.27
133.82
298.27
133.82
298.27
133.82
298.27
133.82
298.27
133.82
298.27
133.82
298.27
133.82
298.27
133.82
298.27
133.82
298.27
133.82
298.27
133.82
298.27
133.82
298.27
133.82
298.27
133.82
298.27
133.82
298.27
133.82
298.27
133.82
298.27
133.82
298.27
133.82
298.27
133.82
298.27
120.09
298.045
118.682
298.024
118.682
298.024
117.708
317.436
117.714
316.028
117.72
314.62
117.726
313.212
117.732
311.804
117.737
310.396
117.743
308.988
117.749
307.58
117.755
306.172
117.761
304.764
117.767
303.356
117.773
301.948
117.779
300.54
117.785
299.132
117.785
299.132
116.474
277.171
116.474
277.171
117.273
276.249
117.273
276.249
116.04
276.851
116.04
276.851
117.708
276.569
117.708
276.569
117.779
279.344
117.773
280.751
117.767
282.159
117.761
283.567
117.755
284.975
117.749
286.383
117.743
287.791
117.737
289.199
117.731
290.607
117.725
292.015
117.719
293.423
117.713
294.831
117.707
296.239
117.701
297.647
117.701
297.647
117.688
300.463
117.682
301.871
117.682
301.871
117.691
304.293
117.697
302.885
117.697
302.885
119.941
297.983
121.349
298.004
121.349
298.004
119.415
298.035
118.008
298.015
118.008
298.015
120.208
297.987
121.616
298.007
121.616
298.007
