131.83
120.48
131.83
120.48
130.628
120.827
130.628
120.827
130.628
120.827
130.562
120.786
130.562
120.786
128.884
120.518
128.884
120.518
126.701
116.568
125.303
116.735
123.905
116.902
123.905
116.902
124.232
117.523
125.63
117.356
127.028
117.189
127.028
117.189
126.556
116.585
125.158
116.752
123.76
116.92
123.76
116.92
120.952
117.076
119.544
117.098
118.136
117.119
116.729
117.141
116.729
117.141
117.007
117.246
118.415
117.225
119.823
117.203
121.231
117.182
122.638
117.16
122.638
117.16
125.435
117.379
126.833
117.212
126.833
117.212
128.955
117.621
129.698
118.817
129.698
118.817
128.936
120.601
128.193
119.405
128.193
119.405
125.4
116.724
124.002
116.891
124.002
116.891
124.134
117.535
125.532
117.368
126.93
117.201
126.93
117.201
129.007
117.704
129.75
118.9
129.75
118.9
128.884
120.518
128.884
120.518
128.982
117.664
129.725
118.86
129.725
118.86
