223.1
163.73
223.1
163.73
223.1
163.73
223.1
163.73
223.1
163.73
223.1
163.73
223.1
163.73
223.1
163.73
223.1
163.73
223.1
163.73
223.1
163.73
223.1
163.73
223.1
163.73
223.1
163.73
223.1
163.73
223.1
163.73
223.1
163.73
223.1
163.73
223.1
163.73
223.1
163.73
223.1
163.73
223.1
163.73
223.1
163.73
223.1
163.73
223.1
163.73
223.1
163.73
223.1
163.73
223.1
163.73
223.1
163.73
223.1
163.73
223.1
163.73
223.1
163.73
223.1
163.73
223.1
163.73
223.1
163.73
223.1
163.73
223.1
163.73
223.1
163.73
223.1
163.73
223.1
163.73
223.1
163.73
223.1
163.73
223.1
163.73
223.1
163.73
223.1
163.73
223.1
163.73
223.1
163.73
223.1
163.73
223.1
163.73
223.1
163.73
223.1
163.73
223.1
163.73
223.1
163.73
230.263
160.972
231.671
160.939
233.078
160.905
