196.28
227.59
196.28
227.59
194.872
227.629
193.464
227.617
192.056
227.606
190.648
227.595
190.648
227.595
190.648
227.595
190.648
227.595
190.141
229.973
190.17
231.381
190.2
232.789
190.229
234.196
190.259
235.604
190.288
237.012
190.318
238.419
190.347
239.827
190.377
241.235
190.406
242.642
190.436
244.05
190.465
245.458
190.465
245.458
190.525
248.273
190.556
249.681
190.586
251.088
190.617
252.496
190.648
253.904
190.648
253.904
190.661
256.72
190.661
258.128
190.661
259.536
190.661
260.944
190.662
262.352
190.662
263.76
190.662
265.168
190.663
266.576
190.663
267.984
190.663
269.392
190.664
270.8
190.664
272.208
190.664
273.616
190.665
275.024
190.665
276.432
190.665
277.84
190.666
279.248
190.666
280.656
190.666
282.064
190.667
283.472
190.667
284.88
190.667
286.288
190.668
287.696
190.668
289.104
190.668
290.512
190.669
291.92
190.669
293.328
190.669
294.736
