205.45
103.65
205.45
103.65
204.681
104.829
203.912
106.009
203.912
106.009
205.266
106.432
205.266
106.432
206.673
105.144
207.368
103.919
207.368
103.919
206.283
102.181
205.589
103.405
205.589
103.405
206.7
105.095
207.395
103.87
207.395
103.87
206.256
102.229
205.561
103.454
205.561
103.454
206.728
105.047
207.423
103.822
207.423
103.822
206.228
102.278
205.534
103.502
205.534
103.502
206.756
104.998
207.45
103.773
207.45
103.773
206.201
102.326
205.506
103.551
205.506
103.551
203.974
105.914
203.974
105.914
203.974
105.914
203.974
105.914
203.974
105.914
203.974
105.914
202.421
107.558
202.421
107.558
202.421
107.558
202.703
107.274
202.703
107.274
203.662
107.949
203.662
107.949
205.235
106.479
205.235
106.479
206.645
105.192
207.34
103.967
207.34
103.967
206.311
102.132
205.616
103.357
205.616
103.357
204.096
105.727
204.096
105.727
202.191
107.789
202.191
107.789
