201.12
108.35
201.12
108.35
201.12
108.35
201.12
108.35
201.12
108.35
202.521
111.65
202.915
113.002
203.31
114.353
203.704
115.705
203.704
115.705
202.947
120.722
202.553
119.37
202.159
118.018
201.764
116.667
201.764
116.667
202.024
109.947
202.418
111.298
202.813
112.65
203.207
114.002
203.601
115.353
203.601
115.353
205.018
117.77
205.018
117.77
205.018
117.77
203.261
121.795
202.866
120.444
202.472
119.092
202.078
117.74
201.683
116.389
201.683
116.389
201.683
116.389
201.683
116.389
201.683
116.389
201.683
116.389
201.683
116.389
201.683
116.389
201.683
116.389
201.683
116.389
201.683
116.389
201.683
116.389
201.683
116.389
201.683
116.389
201.683
116.389
201.683
116.389
201.683
116.389
201.683
116.389
189.934
108.868
191.342
108.856
192.75
108.844
194.158
108.832
195.566
108.82
196.974
108.808
198.382
108.796
198.382
108.796
198.382
108.796
198.382
108.796
