163.57
287.06
163.57
287.06
164.949
287.344
166.328
287.627
167.707
287.911
167.707
287.911
165.134
288.252
163.755
287.968
163.755
287.968
166.143
287.589
167.522
287.873
167.522
287.873
167.818
290.462
167.827
291.87
167.837
293.278
167.837
293.278
167.823
297.076
167.814
295.668
167.804
294.26
167.804
294.26
167.852
300.315
167.885
298.907
167.918
297.499
167.95
296.092
167.983
294.684
168.016
293.276
168.049
291.869
168.081
290.461
168.114
289.054
168.114
289.054
168.101
274.982
168.068
276.389
168.035
277.797
168.003
279.205
167.97
280.612
167.937
282.02
167.905
283.427
167.872
284.835
167.839
286.243
167.806
287.65
167.806
287.65
167.818
290.466
167.827
291.874
167.837
293.282
167.837
293.282
167.823
297.072
167.814
295.664
167.804
294.256
167.804
294.256
167.852
300.311
167.885
298.903
167.918
297.495
167.951
296.088
167.983
294.68
168.016
293.273
168.049
291.865
