219.63
130.95
219.63
130.95
221.038
130.964
221.038
130.964
221.038
130.964
221.038
130.964
222.037
134.733
222.037
134.733
222.037
134.733
221.962
135.748
221.87
137.153
221.87
137.153
221.87
137.153
218.883
138.982
217.476
138.964
216.068
138.947
214.66
138.93
213.252
138.913
211.844
138.896
210.436
138.879
209.028
138.862
207.62
138.845
207.62
138.845
207.995
138.669
209.403
138.686
210.811
138.704
212.219
138.721
213.627
138.738
215.035
138.755
216.443
138.772
217.851
138.789
219.259
138.806
220.667
138.823
220.667
138.823
220.667
138.823
221.986
139.213
221.986
139.213
222.037
134.78
222.037
134.78
222.037
134.78
222.037
134.78
222.037
134.78
220.123
130.975
220.123
130.975
220.123
130.975
215.911
130.901
214.503
130.858
213.096
130.814
211.689
130.771
211.689
130.771
211.886
130.557
213.293
130.6
214.701
130.644
216.108
130.687
216.108
130.687
218.916
130.877
