226.24
227.08
226.24
227.08
224.874
227.159
224.874
227.159
224.874
227.159
224.874
227.159
225.026
232.479
225.2
231.081
225.374
229.684
225.548
228.287
225.721
226.89
225.721
226.89
226.027
223.9
226.177
222.5
226.328
221.1
226.479
219.701
226.63
218.301
226.63
218.301
226.589
209.299
226.438
210.699
226.287
212.099
226.137
213.499
225.986
214.899
225.835
216.299
225.835
216.299
225.501
219.095
225.327
220.492
225.153
221.889
224.979
223.286
224.806
224.684
224.632
226.081
224.632
226.081
224.632
226.081
220.958
226.579
220.958
226.579
218.149
226.071
218.149
226.071
218.149
226.071
218.149
226.071
218.149
226.071
218.151
226.071
218.151
226.071
215.336
226.071
213.928
226.097
213.928
226.097
216.367
226.132
217.775
226.106
217.775
226.106
215.669
226.065
214.262
226.09
214.262
226.09
211.458
226.335
210.057
226.478
210.057
226.478
210.104
226.994
211.505
226.85
