164.92
161.51
164.92
161.51
163.512
161.53
162.104
161.55
160.696
161.571
159.289
161.591
157.881
161.611
157.881
161.611
157.881
161.611
153.657
161.675
152.249
161.696
150.842
161.716
149.434
161.736
148.026
161.757
146.618
161.777
145.21
161.797
143.802
161.817
142.394
161.838
140.987
161.858
139.579
161.878
138.171
161.899
136.763
161.919
135.355
161.939
133.947
161.959
132.539
161.98
131.132
162
129.724
162.02
128.316
162.041
126.908
162.061
125.5
162.081
124.092
162.101
122.684
162.122
122.684
162.122
121.428
163.681
121.445
165.089
121.462
166.497
121.479
167.905
121.495
169.313
121.512
170.721
121.529
172.129
121.529
172.129
121.529
172.129
120.36
172.533
120.36
172.533
121.543
173.872
121.553
175.28
121.564
176.688
121.575
178.096
121.575
178.096
121.331
180.897
121.331
180.897
120.691
183.636
120.691
183.636
121.138
184.649
121.138
184.649
120.694
183.626
