118.93
202.25
118.93
202.25
118.93
202.25
118.93
202.25
118.93
202.25
117.053
200.295
117.053
200.295
117.053
200.295
117.053
200.295
117.053
200.295
117.053
200.295
117.053
200.295
117.053
200.295
117.053
200.295
117.053
200.295
117.053
200.295
117.053
200.295
117.053
200.295
117.053
200.295
117.053
200.295
117.053
200.295
117.053
200.295
117.053
200.295
117.053
200.295
117.053
200.295
117.053
200.295
117.053
200.295
117.053
200.295
117.053
200.295
117.053
200.295
116.472
198.997
116.472
198.997
116.472
198.997
117.197
195.069
117.197
195.069
118.27
192.068
118.27
192.068
118.27
192.068
118.27
192.068
118.27
192.068
118.27
192.068
118.27
192.068
116.974
193.343
116.974
193.343
116.533
196.118
116.533
196.118
116.579
198.927
116.579
198.927
116.579
198.927
116.693
197.385
116.693
197.385
117.343
194.552
117.343
194.552
116.873
193.699
116.873
193.699
116.49
196.485
