136.14
194.54
136.14
194.54
136.427
195.918
136.714
197.297
137.002
198.675
137.002
198.675
136.704
202.048
136.417
200.67
136.417
200.67
136.437
195.967
136.725
197.346
137.012
198.724
137.012
198.724
136.694
201.999
136.407
200.621
136.407
200.621
136.448
196.016
136.735
197.394
137.022
198.773
137.022
198.773
136.684
201.95
136.397
200.572
136.397
200.572
135.997
196.019
135.867
194.617
135.867
194.617
133.122
191.557
131.714
191.582
130.306
191.606
130.306
191.606
129.032
193.044
129.154
194.447
129.275
195.85
129.275
195.85
129.242
200.895
129.12
199.492
128.999
198.089
128.999
198.089
130.693
191.719
132.101
191.695
133.508
191.671
134.916
191.646
134.916
191.646
136.032
193.374
136.032
193.374
135.989
195.932
135.989
195.932
134.442
191.534
133.034
191.559
131.626
191.583
130.219
191.607
130.219
191.607
127.403
191.655
125.995
191.679
124.587
191.702
124.587
191.702
