206.4
138.65
206.4
138.65
206.38
142.842
206.36
141.434
206.34
140.026
206.34
140.026
206.34
140.026
206.34
140.026
206.34
140.026
206.34
140.026
206.34
140.026
206.34
140.026
206.34
140.026
206.34
140.026
206.34
140.026
206.34
140.026
206.34
140.026
206.34
140.026
206.34
140.026
206.34
140.026
206.34
140.026
206.34
140.026
206.34
140.026
206.34
140.026
206.419
135.777
206.455
134.37
206.491
132.962
206.527
131.554
206.527
131.554
206.501
125.951
206.465
127.358
206.429
128.766
206.393
130.173
206.393
130.173
206.393
130.173
206.393
130.173
206.393
130.173
206.393
130.173
206.393
130.173
206.393
130.173
206.393
130.173
206.393
130.173
206.393
130.173
206.393
130.173
206.393
130.173
206.393
130.173
206.393
130.173
206.393
130.173
206.393
130.173
206.393
130.173
206.393
130.173
206.393
130.173
206.393
130.173
206.393
130.173
206.393
130.173
206.393
130.173
