168.14
273.29
168.14
273.29
168.107
274.698
168.075
276.105
168.042
277.513
168.009
278.92
167.977
280.328
167.944
281.736
167.911
283.143
167.878
284.551
167.846
285.959
167.813
287.366
167.813
287.366
167.816
290.182
167.825
291.59
167.835
292.998
167.835
292.998
167.825
297.356
167.816
295.948
167.806
294.54
167.806
294.54
165.865
288.402
164.486
288.118
164.486
288.118
164.486
288.118
164.486
288.118
165.092
287.373
166.471
287.657
166.471
287.657
167.81
289.389
167.82
290.797
167.83
292.205
167.839
293.613
167.839
293.613
167.821
296.741
167.811
295.333
167.802
293.925
167.802
293.925
167.818
290.521
167.828
291.929
167.837
293.337
167.837
293.337
167.823
297.017
167.813
295.609
167.803
294.201
167.803
294.201
167.816
290.245
167.826
291.653
167.836
293.061
167.836
293.061
167.825
297.293
167.815
295.885
167.805
294.477
167.805
294.477
167.814
289.969
167.824
291.376
