111.81
186.07
111.81
186.07
113.181
186.392
113.181
186.392
113.181
186.392
113.181
186.392
113.181
186.392
113.181
186.392
113.181
186.392
113.181
186.392
113.181
186.392
109.318
187.963
109.195
189.366
109.072
190.769
109.072
190.769
109.274
193.606
109.396
192.204
109.396
192.204
109.396
192.204
109.396
192.204
109.396
192.204
109.396
192.204
109.396
192.204
115.135
187.129
115.135
187.129
115.135
187.129
115.135
187.129
115.135
187.129
115.135
187.129
115.135
187.129
115.135
187.129
113.352
186.432
113.352
186.432
113.352
186.432
113.352
186.432
113.352
186.432
113.352
186.432
113.352
186.432
113.352
186.432
113.352
186.432
113.352
186.432
115.323
187.205
115.323
187.205
115.323
187.205
115.263
187.181
115.263
187.181
115.263
187.181
115.263
187.181
115.263
187.181
115.263
187.181
113.304
186.421
113.304
186.421
113.304
186.421
113.304
186.421
113.304
186.421
113.304
186.421
113.304
186.421
113.304
186.421
113.304
186.421
113.304
186.421
113.304
186.421
113.304
186.421
115.247
187.174
115.247
187.174
115.247
187.174
115.247
187.174
113.321
186.425
113.321
186.425
113.321
186.425
113.673
187.342
113.673
187.342
113.673
187.342
113.673
187.342
113.673
187.342
113.673
187.342
113.673
187.342
113.673
187.342
113.673
187.342
113.673
187.342
113.673
187.342
113.673
187.342
113.673
187.342
113.673
187.342
113.673
187.342
113.673
187.342
117.158
189.578
117.158
189.578
117.158
189.578
117.158
189.578
117.158
189.578
117.158
189.578
117.158
189.578
117.634
191.222
117.634
191.222
117.634
191.222
119.815
190.281
119.815
190.281
118.795
190.9
118.795
190.9
118.795
190.9
