118.55
189.4
118.55
189.4
119.05
189.504
119.05
189.504
120.057
189.294
120.057
189.294
120.915
185.506
121.269
184.144
121.269
184.144
120.562
184.132
120.562
184.132
119.556
186.762
119.556
186.762
118.553
189.393
118.553
189.393
118.553
189.393
118.91
190.981
118.91
190.981
118.91
190.981
118.129
192.347
118.129
192.347
118.129
192.347
118.129
192.347
117.806
190.88
117.806
190.88
116.917
193.542
116.917
193.542
116.509
196.323
116.509
196.323
116.762
196.8
116.762
196.8
116.762
196.8
116.639
197.846
116.639
197.846
117.217
194.998
117.217
194.998
118.302
192.003
118.302
192.003
118.302
192.003
119.86
189.809
120.363
188.494
120.363
188.494
121.13
184.677
121.13
184.677
121.536
181.785
121.536
181.785
121.293
181.212
121.293
181.212
120.611
183.942
120.611
183.942
119.626
186.579
119.123
187.894
119.123
187.894
119.123
187.894
119.123
187.894
117.04
193.107
