16.492
16.151
16.492
16.151
16.3512
16.153
16.3512
16.153
16.3512
16.153
15.2604
16.1691
15.1196
16.1711
14.9789
16.1731
14.8381
16.1751
14.6973
16.1772
14.5565
16.1792
14.4157
16.1812
14.2749
16.1833
14.1341
16.1853
13.9934
16.1873
13.8526
16.1893
13.7118
16.1914
13.571
16.1934
13.4302
16.1954
13.2894
16.1975
13.1486
16.1995
13.0079
16.2015
12.8671
16.2035
12.7263
16.2056
12.5855
16.2076
12.4447
16.2096
12.3039
16.2117
12.1632
16.2137
12.1632
16.2137
12.1441
16.4734
12.1458
16.6142
12.1474
16.755
