37.956
91.743
37.956
91.7433
37.956
91.7434
37.956
91.7435
37.956
91.7439
37.956
91.7441
37.956
91.7443
37.9559
91.7448
37.9558
91.7454
37.9555
91.7454
37.9442
91.7473
37.9446
91.7481
37.944
91.7357
37.9437
91.7357
37.9434
91.7354
37.9425
91.7349
37.9439
91.7388
37.9446
91.7388
37.9482
91.7387
37.9497
91.7387
37.951
91.7387
37.9426
91.7412
37.9543
91.7389
37.9542
91.7389
37.9541
91.7388
37.9541
91.7387
37.954
91.7387
37.9443
91.7481
37.9442
91.747
37.9441
91.7459
37.944
91.7457
37.9436
91.7439
37.9434
91.7428
37.9433
91.7422
37.9434
91.7412
37.9434
91.7411
37.9434
91.7411
37.9434
91.7408
37.9439
91.74
37.9435
91.7402
37.9435
91.7397
37.9436
91.7393
37.9457
91.7486
37.946
91.7486
37.9461
91.7485
37.947
91.7487
37.9472
91.7488
37.9472
91.7498
37.947
91.7501
37.9469
91.75
37.9563
91.7386
37.9435
91.7449
37.9439
91.7451
37.9442
91.7439
37.9454
91.7445
37.946
91.7417
37.9523
91.7391
37.9523
91.7393
37.9523
91.7394
37.9524
91.7394
37.9526
91.7394
37.9526
91.7394
37.9527
91.7393
37.9527
91.739
37.9526
91.7387
37.9523
91.7387
37.9563
91.74
37.9561
91.7393
37.956
91.7392
37.9558
91.7392
37.9557
91.7392
37.9555
91.7393
37.9532
91.7465
37.9533
91.7465
37.9536
91.7468
37.9535
91.7469
37.9481
91.7414
37.948
91.7414
37.9475
91.7414
37.9473
91.7414
37.9467
91.7414
37.9521
91.7453
37.9533
91.7452
37.9538
91.7452
37.9544
91.7452
37.9549
91.7452
37.9551
91.7453
37.9513
91.7334
37.9452
91.7437
37.9453
91.7435
37.9465
91.7434
37.9462
91.7404
37.9464
91.7404
37.9479
91.7404
37.9483
91.7404
37.9491
91.7404
37.9494
91.7403
37.9495
91.7403
37.9497
91.7402
37.9498
91.7401
37.9499
91.74
37.9431
91.7481
37.9432
91.7484
37.9431
91.7485
37.943
91.7485
37.9441
91.7487
37.9442
91.7502
37.944
91.7488
37.9439
91.7489
37.9438
91.7493
37.9438
91.7498
37.9438
91.7499
37.944
91.7501
37.9442
91.7524
37.9462
91.7347
37.9456
91.7346
37.9455
91.7345
37.9453
91.7342
37.9447
91.7343
37.944
91.7343
37.9561
91.748
37.9555
91.7479
37.9561
91.7478
37.9548
91.748
37.9539
91.748
37.9528
91.748
37.9443
91.7398
37.9442
91.7399
37.9533
91.7454
37.9539
91.7461
37.9546
91.7466
37.9556
91.7474
37.956
91.7477
37.9522
91.7485
37.9519
91.748
37.9527
91.7486
37.9529
91.7484
37.9522
91.748
37.9515
91.7472
37.9515
91.7453
37.9515
91.748
37.9453
91.7466
37.9453
91.7474
37.9453
91.7475
37.9453
91.7476
37.9454
91.7476
37.9534
91.748
37.9535
91.749
37.9547
91.749
37.9548
91.7491
37.955
91.7493
37.9551
91.7496
37.9554
91.7502
37.9556
91.7507
37.9559
91.7512
37.956
91.7514
37.9475
91.7415
37.9475
91.7418
37.9476
91.7422
37.943
91.7465
37.9432
91.7466
37.9438
91.7475
37.9438
91.7477
37.9438
91.7478
37.9493
91.7478
37.9493
91.7481
37.9492
91.7514
37.9547
91.7391
37.9548
91.739
37.9548
91.7389
37.9547
91.7389
37.9546
91.739
37.9545
91.739
37.9547
91.7391
37.9476
91.7511
37.9479
91.7517
37.9479
91.7518
37.9509
91.7526
37.9515
91.7524
37.9519
91.7523
37.9526
91.7522
37.953
91.7523
37.9449
91.7482
37.9452
91.7483
37.9458
91.7487
37.9459
91.7489
37.9465
91.7495
37.9473
91.7505
37.9475
91.7508
37.9514
91.7434
37.951
91.7437
37.9507
91.7437
37.9504
91.744
37.95
91.7444
37.9499
91.7446
37.9499
91.7448
37.9501
91.7456
37.9538
91.7477
37.9537
91.7474
37.9536
91.7472
37.9535
91.747
37.9534
91.7499
37.954
91.7499
37.9543
91.75
37.9544
91.7501
37.9545
91.7502
37.9547
91.7506
37.9553
91.752
37.9541
91.7506
37.9542
91.7524
37.9535
91.7524
37.9514
91.7428
37.9523
91.7431
37.9525
91.7429
37.9526
91.7422
37.9537
91.7464
37.9442
91.7528
37.9515
91.7405
37.9514
91.7399
37.9513
91.7405
37.9512
91.7404
37.9512
91.7403
37.9511
91.7402
37.951
91.7402
37.9509
91.7402
37.9427
91.7481
37.943
91.7478
37.9557
91.7397
37.9559
91.7397
37.956
91.74
37.9561
91.7402
37.9562
91.7401
37.9563
91.7399
37.9551
91.7386
37.9556
91.7361
37.9554
91.7362
37.9551
91.7363
37.955
91.7364
37.9551
91.7372
37.9551
91.7381
37.9509
91.7389
37.9511
91.739
37.9512
91.7396
37.9512
91.7399
37.9509
91.7399
37.9512
91.7422
37.9509
91.7414
37.9512
91.7415
37.9512
91.7418
37.9514
91.7405
37.9515
91.7444
37.9514
91.7437
37.9483
91.7466
37.9455
91.7466
37.9447
91.7466
37.9442
91.7468
37.9458
91.7524
37.9458
91.7523
37.9458
91.7523
37.9458
91.7522
37.9456
91.7522
37.9453
91.7523
37.9452
91.7524
37.9563
91.7504
37.9563
91.7502
37.9555
91.7486
37.9462
91.7415
37.9466
91.7414
37.9479
91.7406
37.9479
91.7408
37.9481
91.7413
37.9481
91.7416
37.9482
91.7419
37.9483
91.7424
37.946
91.7444
37.9483
91.7448
37.9483
91.7476
37.9459
91.7476
37.9482
91.7507
37.9483
91.7509
37.9485
91.7511
37.9461
91.7417
37.9454
91.7417
37.9447
91.7417
37.9443
91.7415
37.9442
91.7417
37.9441
91.7413
37.9438
91.7412
37.9532
91.7426
37.9533
91.7427
37.9535
91.7428
37.9547
91.7426
37.9547
91.7416
37.9547
91.7415
37.9547
91.7414
37.9546
91.7413
37.9533
91.7416
37.9532
91.7421
37.9529
91.7368
37.9531
91.7368
37.9531
91.7358
37.9532
91.7356
37.9535
91.7356
37.9546
91.7357
37.9547
91.736
37.9546
91.7364
37.9546
91.7364
37.9531
91.7364
37.9531
91.7359
37.9439
91.7449
37.9408
91.744
37.9468
91.7417
37.9448
91.7417
37.9503
91.7414
37.9562
91.7515
37.9513
91.7524
37.9512
91.7387
37.9514
91.7357
